%YAML:1.0
---
M1: !!opencv-matrix
   rows: 3
   cols: 3
   dt: d
   data: [  730.781493923377, 0, 615.819247503010, 
            0, 730.298037187774, 361.273120486217, 
            0., 0., 1.]
D1: !!opencv-matrix
   rows: 1
   cols: 5
   dt: d
   data: [ 0.0883905237599136,-0.0616449444863751,0.,0.,0.]
M2: !!opencv-matrix
   rows: 3
   cols: 3
   dt: d
   data: [  727.948953179757, 0, 613.009275618299, 
            0, 727.852098480293, 361.005058979258, 
            0.,0.,1.]
D2: !!opencv-matrix
   rows: 1
   cols: 5
   dt: d
   data: [ 0.0565616663165812,0.117217041143181, 0.,0.,0.]
