%YAML:1.0
R: !!opencv-matrix
   rows: 3
   cols: 3
   dt: d
   data: [ 1,-4.58254786072064e-05,0.000801805068668395,
           4.78631352794327e-05,1,-0.00254150212766451,
           -0.000801686012671502,0.00254153968494541,1]
T: !!opencv-matrix
   rows: 3
   cols: 1
   dt: d
   data: [-59.948095523785520,-0.003631642875397,0.628084588853616]
